NHC  FLORENCE  20181008 1800 217N 851W 000 000 0977 1010 1010 5069 046 0203 0203 0203 0203 0083 0083 0083 0083 1.47 28.06 38.98 0.00 0.00
NHC  FLORENCE  20181009 0000 227N 852W 000 000 0971 1010 1010 5647 037 0226 0226 0226 0226 0087 0087 0087 0087 1.45 27.99 38.85 0.00 0.00
NHC  FLORENCE  20181009 0600 237N 858W 000 000 0973 1010 1010 5563 037 0240 0240 0240 0240 0092 0092 0092 0092 1.41 28.81 39.00 0.00 0.00
NHC  FLORENCE  20181009 1200 246N 862W 000 000 0968 1010 1010 5963 027 0235 0235 0235 0235 0092 0092 0092 0092 1.41 28.89 39.25 0.00 0.00
NHC  FLORENCE  20181009 1800 256N 864W 000 000 0961 1010 1010 6470 027 0235 0235 0235 0235 0092 0092 0092 0092 1.37 28.39 39.03 0.00 0.00
NHC  FLORENCE  20181010 0000 266N 865W 000 000 0952 1010 1010 6992 026 0235 0235 0235 0235 0096 0096 0096 0096 1.35 28.47 38.94 0.00 0.00
NHC  FLORENCE  20181010 0600 277N 866W 000 000 0945 1010 1010 7491 027 0235 0235 0235 0235 0110 0110 0110 0110 1.34 28.71 39.04 0.00 0.00
NHC  FLORENCE  20181010 1200 290N 863W 000 000 0934 1010 1010 7774 018 0226 0226 0226 0226 0115 0115 0115 0115 1.33 28.96 39.50 0.00 0.00
NHC  FLORENCE  20181010 1800 302N 854W 000 000 0920 1010 1010 8191 027 0189 0189 0189 0189 0110 0110 0110 0110 1.30 29.07 39.28 0.00 0.00
NHC  FLORENCE  20181011 0000 315N 845W 000 000 0957 1010 1010 4535 027 0138 0138 0138 0138 0060 0060 0060 0060 1.32 29.41 39.65 0.00 0.00
