NHC  FLORENCE  20180905 0000 204N 434W 300 041 0976 1011 0278 55 027 0192 0192 0192 0192 0130 0130 0130 0130
NHC  FLORENCE  20180905 0600 211N 443W 305 046 0976 1011 0278 59 027 0184 0184 0184 0184 0065 0065 0065 0065
NHC  FLORENCE  20180905 1200 217N 452W 310 057 0961 1012 0222 69 027 0184 0184 0184 0184 0058 0058 0058 0058
NHC  FLORENCE  20180905 1800 224N 462W 305 057 0953 1012 0222 77 027 0184 0184 0184 0184 0058 0058 0058 0058
NHC  FLORENCE  20180906 0000 231N 469W 315 057 0953 1012 0222 75 027 0184 0184 0184 0184 0058 0058 0058 0058
NHC  FLORENCE  20180906 0600 238N 476W 315 051 0964 1013 0222 67 027 0184 0184 0184 0184 0063 0063 0063 0063
NHC  FLORENCE  20180906 1200 244N 482W 315 046 0975 1015 0241 59 027 0184 0184 0184 0184 0065 0065 0065 0065
NHC  FLORENCE  20180906 1800 248N 492W 305 046 0985 1015 0241 51 027 0184 0184 0184 0184 0082 0082 0082 0082
NHC  FLORENCE  20180907 0000 250N 498W 290 036 0994 1014 0241 41 037 0195 0195 0195 0195 0000 0000 0000 0000
NHC  FLORENCE  20180907 0600 251N 504W 275 031 0996 1014 0241 34 027 0273 0273 0273 0273 0000 0000 0000 0000
NHC  FLORENCE  20180907 1200 250N 514W 270 041 0996 1014 0241 35 024 0273 0273 0273 0273 0000 0000 0000 0000
NHC  FLORENCE  20180907 1800 248N 522W 260 041 0996 1014 0241 36 037 0233 0233 0233 0233 0000 0000 0000 0000
NHC  FLORENCE  20180908 0000 248N 528W 265 036 0999 1014 0241 31 037 0306 0306 0306 0306 0000 0000 0000 0000
NHC  FLORENCE  20180908 0600 246N 538W 265 041 0997 1014 0241 37 027 0284 0284 0284 0284 0000 0000 0000 0000
NHC  FLORENCE  20180908 1200 246N 541W 270 031 0995 1013 0371 37 037 0268 0268 0268 0268 0000 0000 0000 0000
NHC  FLORENCE  20180908 1800 246N 545W 270 021 0989 1012 0334 41 016 0284 0284 0284 0284 0000 0000 0000 0000
NHC  FLORENCE  20180909 0000 246N 549W 270 021 0989 1012 0334 40 016 0284 0284 0284 0284 0000 0000 0000 0000
NHC  FLORENCE  20180909 0600 245N 555W 265 026 0989 1012 0371 40 016 0263 0263 0263 0263 0000 0000 0000 0000
NHC  FLORENCE  20180909 1200 244N 561W 265 026 0987 1012 0371 43 016 0254 0254 0254 0254 0000 0000 0000 0000
NHC  FLORENCE  20180909 1800 244N 567W 270 031 0978 1012 0371 48 016 0355 0355 0355 0355 0135 0135 0135 0135
NHC  FLORENCE  20180910 0000 245N 573W 275 031 0975 1012 0371 50 016 0342 0342 0342 0342 0107 0107 0107 0107
NHC  FLORENCE  20180910 0600 248N 584W 285 041 0973 1012 0371 57 016 0323 0323 0323 0323 0096 0096 0096 0096
NHC  FLORENCE  20180910 1200 249N 595W 280 051 0962 1012 0371 68 016 0342 0342 0342 0342 0133 0133 0133 0133
NHC  FLORENCE  20180910 1800 252N 606W 285 057 0942 1012 0371 81 016 0370 0370 0370 0370 0175 0175 0175 0175
NHC  FLORENCE  20180911 0000 256N 617W 290 057 0941 1012 0371 79 016 0370 0370 0370 0370 0175 0175 0175 0175
NHC  FLORENCE  20180911 0600 261N 633W 290 067 0944 1012 0371 81 016 0370 0370 0370 0370 0175 0175 0175 0175
NHC  FLORENCE  20180911 1200 264N 646W 290 067 0950 1012 0371 72 027 0370 0370 0370 0370 0155 0155 0155 0155
NHC  FLORENCE  20180911 1800 272N 663W 295 082 0945 1012 0371 75 027 0409 0409 0409 0409 0206 0206 0206 0206
NHC  FLORENCE  20180912 0000 280N 679W 300 077 0945 1012 0371 79 027 0409 0409 0409 0409 0206 0206 0206 0206
NHC  FLORENCE  20180912 0600 286N 695W 300 077 0945 1012 0371 74 027 0410 0410 0410 0410 0268 0268 0268 0268
NHC  FLORENCE  20180912 1200 294N 707W 300 067 0943 1012 0371 73 027 0402 0402 0402 0402 0305 0305 0305 0305
NHC  FLORENCE  20180912 1800 304N 719W 310 072 0948 1013 0371 71 027 0443 0443 0443 0443 0327 0327 0327 0327
NHC  FLORENCE  20180913 0000 315N 732W 315 077 0956 1014 0371 65 037 0429 0429 0429 0429 0330 0330 0330 0330
NHC  FLORENCE  20180913 0600 325N 743W 315 077 0956 1013 0371 65 047 0449 0449 0449 0449 0324 0324 0324 0324
NHC  FLORENCE  20180913 1200 331N 751W 315 051 0957 1013 0371 64 037 0456 0456 0456 0456 0391 0391 0391 0391
NHC  FLORENCE  20180913 1800 336N 760W 300 046 0955 1013 0371 62 037 0461 0461 0461 0461 0431 0431 0431 0431
NHC  FLORENCE  20180914 0000 340N 765W 310 031 0955 1013 0371 60 027 0460 0460 0460 0460 0462 0462 0462 0462
NHC  FLORENCE  20180914 0600 341N 772W 290 031 0955 1013 0371 54 027 0493 0493 0493 0493 0560 0560 0560 0560
NHC  FLORENCE  20180914 1200 341N 779W 260 031 0958 1013 0371 53 037 0468 0468 0468 0468 0426 0426 0426 0426
NHC  FLORENCE  20180914 1800 340N 784W 270 021 0968 1013 0371 45 037 0368 0368 0368 0368 0000 0000 0000 0000
NHC  FLORENCE  20180915 0000 339N 788W 255 021 0977 1012 0371 37 037 0492 0492 0492 0492 0000 0000 0000 0000
NHC  FLORENCE  20180915 0600 337N 793W 255 021 0984 1012 0371 35 033 0676 0676 0676 0676 0000 0000 0000 0000
NHC  FLORENCE  20180915 1200 336N 795W 250 010 0989 1012 0371 35 205 0000 0000 0000 0000 0000 0000 0000 0000
NHC  FLORENCE  20180915 1800 336N 798W 270 010 0997 1012 0371 30 205 0000 0000 0000 0000 0000 0000 0000 0000
NHC  FLORENCE  20180916 0000 336N 801W 270 010 0997 1010 0371 28 205 0000 0000 0000 0000 0000 0000 0000 0000
NHC  FLORENCE  20180916 0600 337N 810W 275 036 0999 1010 0371 30 272 0000 0000 0000 0000 0000 0000 0000 0000
NHC  FLORENCE  20180916 1200 336N 815W 270 026 1002 1004 0473 46 533 0000 0000 0000 0000 0000 0000 0000 0000
NHC  FLORENCE  20180917 0000 349N 820W 325 026 1007 1009 0287 28 338 0000 0000 0000 0000 0000 0000 0000 0000
