NHC  FLORENCE  20180910 0600 248N 584W 285 041 0973 1012 0371 57 016 0323 0323 0323 0323 0096 0096 0096 0096
NHC  FLORENCE  20180910 1200 249N 595W 280 051 0962 1012 0371 68 016 0342 0342 0342 0342 0133 0133 0133 0133
NHC  FLORENCE  20180910 1800 252N 606W 285 057 0942 1012 0371 81 016 0359 0359 0359 0359 0175 0175 0175 0175
NHC  FLORENCE  20180911 0000 256N 617W 290 057 0941 1012 0371 80 016 0359 0359 0359 0359 0175 0175 0175 0175
NHC  FLORENCE  20180911 0600 261N 633W 290 067 0944 1012 0371 81 016 0370 0370 0370 0370 0175 0175 0175 0175
NHC  FLORENCE  20180911 1200 264N 646W 290 067 0950 1012 0371 72 027 0370 0370 0370 0370 0155 0155 0155 0155
NHC  FLORENCE  20180911 1800 272N 663W 295 082 0945 1012 0371 75 027 0409 0409 0409 0409 0206 0206 0206 0206
NHC  FLORENCE  20180912 0000 280N 679W 300 077 0945 1012 0371 79 027 0409 0409 0409 0409 0206 0206 0206 0206
NHC  FLORENCE  20180912 0600 286N 695W 300 077 0945 1012 0371 74 027 0410 0410 0410 0410 0268 0268 0268 0268
NHC  FLORENCE  20180912 1200 294N 707W 300 067 0943 1012 0371 73 027 0402 0402 0402 0402 0305 0305 0305 0305
NHC  FLORENCE  20180912 1800 304N 719W 310 072 0948 1013 0371 71 027 0443 0443 0443 0443 0327 0327 0327 0327
NHC  FLORENCE  20180913 0000 315N 732W 315 077 0956 1014 0371 65 037 0429 0429 0429 0429 0330 0330 0330 0330
NHC  FLORENCE  20180913 0600 325N 743W 315 077 0956 1013 0371 65 047 0449 0449 0449 0449 0324 0324 0324 0324
NHC  FLORENCE  20180913 1200 331N 751W 315 051 0957 1013 0371 64 037 0456 0456 0456 0456 0391 0391 0391 0391
NHC  FLORENCE  20180913 1800 336N 760W 300 046 0955 1013 0371 62 037 0461 0461 0461 0461 0431 0431 0431 0431
NHC  FLORENCE  20180914 0000 340N 765W 310 031 0955 1013 0371 60 027 0460 0460 0460 0460 0462 0462 0462 0462
NHC  FLORENCE  20180914 0600 341N 772W 290 031 0955 1013 0371 54 027 0493 0493 0493 0493 0560 0560 0560 0560
NHC  FLORENCE  20180914 1800 340N 784W 270 021 0968 1013 0371 45 037 0368 0368 0368 0368 0000 0000 0000 0000
NHC  FLORENCE  20180915 0000 339N 788W 255 021 0977 1012 0371 37 037 0492 0492 0492 0492 0000 0000 0000 0000
NHC  FLORENCE  20180915 0600 337N 793W 255 021 0984 1012 0371 35 033 0676 0676 0676 0676 0000 0000 0000 0000
NHC  FLORENCE  20180915 1200 336N 795W 250 010 0989 1012 0371 35 205 0000 0000 0000 0000 0000 0000 0000 0000
NHC  FLORENCE  20180915 1800 336N 798W 270 010 0997 1012 0371 30 205 0000 0000 0000 0000 0000 0000 0000 0000
