NHC  FLORENCE  20170903 1200 179N 479W 000 000 0969 1010 1010 51 027 0152 0152 0152 0152 0069 0069 0069 0069
NHC  FLORENCE  20170903 1800 176N 492W 000 000 0965 1010 1010 51 027 0161 0161 0161 0161 0073 0073 0073 0073
NHC  FLORENCE  20170904 0000 173N 504W 000 000 0959 1010 1010 51 027 0161 0161 0161 0161 0073 0073 0073 0073
NHC  FLORENCE  20170904 0600 170N 515W 000 000 0952 1010 1010 54 027 0161 0161 0161 0161 0078 0078 0078 0078
NHC  FLORENCE  20170904 1200 168N 526W 000 000 0945 1010 1010 56 027 0171 0171 0171 0171 0078 0078 0078 0078
NHC  FLORENCE  20170904 1800 167N 539W 000 000 0944 1010 1010 59 027 0184 0184 0184 0184 0092 0092 0092 0092
NHC  FLORENCE  20170905 0000 166N 551W 000 000 0943 1010 1010 64 027 0189 0189 0189 0189 0106 0106 0106 0106
NHC  FLORENCE  20170905 0600 166N 564W 000 000 0933 1010 1010 69 027 0198 0198 0198 0198 0106 0106 0106 0106
NHC  FLORENCE  20170905 1200 167N 578W 000 000 0929 1010 1010 77 027 0212 0212 0212 0212 0115 0115 0115 0115
NHC  FLORENCE  20170905 1800 169N 592W 000 000 0926 1010 1010 79 027 0226 0226 0226 0226 0115 0115 0115 0115
NHC  FLORENCE  20170906 0000 173N 606W 000 000 0915 1010 1010 79 027 0230 0230 0230 0230 0115 0115 0115 0115
NHC  FLORENCE  20170906 0600 177N 619W 000 000 0914 1010 1010 79 027 0230 0230 0230 0230 0120 0120 0120 0120
NHC  FLORENCE  20170906 1200 181N 633W 000 000 0915 1010 1010 79 027 0235 0235 0235 0235 0124 0124 0124 0124
NHC  FLORENCE  20170906 1800 186N 647W 000 000 0916 1010 1010 77 027 0240 0240 0240 0240 0133 0133 0133 0133
NHC  FLORENCE  20170907 0000 192N 662W 000 000 0916 1010 1010 77 027 0240 0240 0240 0240 0133 0133 0133 0133
NHC  FLORENCE  20170907 0600 197N 676W 000 000 0920 1010 1010 74 027 0240 0240 0240 0240 0133 0133 0133 0133
NHC  FLORENCE  20170907 1200 202N 690W 000 000 0921 1010 1010 74 027 0240 0240 0240 0240 0133 0133 0133 0133
NHC  FLORENCE  20170907 1800 207N 704W 000 000 0922 1010 1010 74 027 0240 0240 0240 0240 0133 0133 0133 0133
NHC  FLORENCE  20170908 0000 211N 718W 000 000 0919 1010 1010 72 027 0240 0240 0240 0240 0138 0138 0138 0138
NHC  FLORENCE  20170908 0600 215N 732W 000 000 0925 1010 1010 69 055 0240 0240 0240 0240 0143 0143 0143 0143
NHC  FLORENCE  20170908 1200 218N 747W 000 000 0927 1010 1010 69 055 0245 0245 0245 0245 0147 0147 0147 0147
NHC  FLORENCE  20170908 1800 220N 760W 000 000 0925 1010 1010 72 055 0245 0245 0245 0245 0147 0147 0147 0147
NHC  FLORENCE  20170909 0000 221N 772W 000 000 0924 1010 1010 74 037 0258 0258 0258 0258 0147 0147 0147 0147
NHC  FLORENCE  20170909 0600 224N 783W 000 000 0930 1010 1010 66 027 0282 0282 0282 0282 0152 0152 0152 0152
NHC  FLORENCE  20170909 1200 227N 793W 000 000 0941 1010 1010 56 027 0282 0282 0282 0282 0157 0157 0157 0157
NHC  FLORENCE  20170909 1800 231N 802W 000 000 0938 1010 1010 48 027 0296 0296 0296 0296 0161 0161 0161 0161
NHC  FLORENCE  20170910 0000 234N 809W 000 000 0932 1010 1010 51 027 0314 0314 0314 0314 0166 0166 0166 0166
NHC  FLORENCE  20170910 0600 237N 813W 000 000 0930 1010 1010 59 018 0342 0342 0342 0342 0180 0180 0180 0180
NHC  FLORENCE  20170910 1200 245N 815W 000 000 0931 1010 1010 59 018 0369 0369 0369 0369 0189 0189 0189 0189
NHC  FLORENCE  20170910 1800 256N 817W 000 000 0936 1010 1010 51 027 0393 0393 0393 0393 0207 0207 0207 0207
NHC  FLORENCE  20170911 0000 268N 817W 000 000 0942 1010 1010 41 027 0439 0439 0439 0439 0226 0226 0226 0226
NHC  FLORENCE  20170911 0600 282N 822W 000 000 0961 1010 1010 33 037 0443 0443 0443 0443 0226 0226 0226 0226
NHC  FLORENCE  20170911 1200 296N 827W 000 000 0970 1010 1010 25 074 0453 0453 0453 0453 0226 0226 0226 0226
NHC  FLORENCE  20170911 1800 309N 835W 000 000 0980 1010 1010 23 111 0000 0000 0000 0000 0000 0000 0000 0000
NHC  FLORENCE  20170912 0000 319N 844W 000 000 0986 1010 1010 18 111 0000 0000 0000 0000 0000 0000 0000 0000
NHC  FLORENCE  20170912 0600 329N 856W 000 000 0997 1010 1010 12 111 0000 0000 0000 0000 0000 0000 0000 0000
NHC  FLORENCE  20170912 1200 338N 869W 000 000 1000 1010 1010 10 111 0000 0000 0000 0000 0000 0000 0000 0000
NHC  FLORENCE  20170912 1800 348N 881W 000 000 1003 1010 1010 07 111 0000 0000 0000 0000 0000 0000 0000 0000
NHC  FLORENCE  20170913 0000 356N 889W 000 000 1004 1010 1010 07 111 0000 0000 0000 0000 0000 0000 0000 0000
NHC  FLORENCE  20170913 0600 362N 895W 000 000 1004 1010 1010 07 111 0000 0000 0000 0000 0000 0000 0000 0000
NHC  FLORENCE  20170913 1200 368N 901W 000 000 1005 1010 1010 07 111 0000 0000 0000 0000 0000 0000 0000 0000
